
IP10001 AR133.5330 89.4057 711.320 5.320 6.0000 5013.759 5711.176 0.492 +05938250-09017060



IP10002 AR262.5444 89.3241 457.761 5.430 6.0000 4560.688 5776.433 0.567 +05938270-09046352



IP10003 AR282.1753 90.0000 155.441 5.430 6.0000 4409.080 5742.126 0.550 +05938250-09055210



IP10004 AR208.5658 90.1729 149.271 5.430 6.0000 4571.365 5627.546 0.762 +05938310-09056340



IP10005 AR220.4433 89.1805 201.303 5.400 6.0000 4372.460 5705.108 0.793 +05947620-09134856



IP10006 AR200.5638 88.5432 299.989 5.400 6.0000 4229.325 5441.530 0.992 +05952730-09165226



IP10007 AR247.1653 88.5240 497.091 5.400 6.0000 4355.416 5208.404 0.612 +05958740-09211390


